{
  "sections": [
    {
      "name": "recent-content",
      "onClick": "_onRecentContentClick",
      "properties": [ ],
      "selected": true,
      "thumbnails": [ ],
      "type": "variable",
      "visible": false
    },
    {
      "name": "recent-texture",
      "onClick": "_onRecentTextureClick",
      "selected": true,
      "type": "variable",
      "thumbnails": [ ],
      "properties": [ ],
      "visible": false
    },
    {
      "name": "samplesCanonical",
      "onClick": "_onSampleClick",
      "properties": [
        {
          "id": "rubikscube",
          "set": {
            "front": "graphics/samplesCanonical/rubikscube_mixed_front.jpg",
            "left": "graphics/samplesCanonical/rubikscube_mixed_left.jpg",
            "top": "graphics/samplesCanonical/rubikscube_mixed_top.jpg"
          },
		  "mask": {
            "front": "empty",
            "left": "empty",
            "top": "empty"
          },
          "type": "side",
          "reference": "front"
        },
        {
          "id": "clock",
          "set": {
            "front": "graphics/samplesCanonical/clock_front.jpg",
            "left": "graphics/samplesCanonical/clock_left.jpg",
            "top": "graphics/samplesCanonical/clock_top.jpg"
          },
		  "mask": {
            "front": "empty",
            "left": "empty",
            "top": "empty"
          },
          "type": "side",
          "reference": "front"
        },
        {
          "id": "mug",
          "set": {
            "front": "graphics/samplesCanonical/mug_front.jpg",
            "left": "graphics/samplesCanonical/mug_left.jpg",
            "top": "graphics/samplesCanonical/mug_top.jpg"
          },
		  "mask": {
            "front": "empty",
            "left": "empty",
            "top": "empty"
          },
          "type": "side",
          "reference": "front"
        },
        {
          "id": "ball",
          "set": {
            "front": "graphics/samplesCanonical/ball_front.jpg",
            "left": "graphics/samplesCanonical/ball_left.jpg",
            "top": "graphics/samplesCanonical/ball_top.jpg"
          },
		  "mask": {
            "front": "empty",
            "left": "empty",
            "top": "empty"
          },
          "type": "side",
          "reference": "front"
        },
        {
          "id": "usb",
          "set": {
            "front": "graphics/samplesCanonical/usb_front.jpg",
            "left": "graphics/samplesCanonical/usb_left.jpg",
            "top": "graphics/samplesCanonical/usb_top.jpg"
          },
		  "mask": {
            "front": "empty",
            "left": "empty",
            "top": "empty"
          },
          "type": "side",
          "reference": "front"
        }
      ],
      "selected": true,
      "thumbnails": [
        {
          "id": "rubikscube",
          "url": "graphics/samplesCanonical/thumbnails/thumbnail_rubikscube_mixed_front.jpg"
        },
        {
          "id": "clock",
          "url": "graphics/samplesCanonical/thumbnails/thumbnail_clock_front.jpg"
        },
        {
          "id": "mug",
          "url": "graphics/samplesCanonical/thumbnails/thumbnail_mug_left.jpg"
        },
        {
          "id": "ball",
          "url": "graphics/samplesCanonical/thumbnails/thumbnail_ball_front.jpg"
        },
        {
          "id": "usb",
          "url": "graphics/samplesCanonical/thumbnails/thumbnail_usb_top.jpg"
        }
      ],
      "type": "fixed",
      "visible": true
    },
    {
      "name": "samplesManhattan",
      "onClick": "_onSampleClick",
      "properties": [
        {
          "id": "meeting_room",
          "background": "graphics/samplesManhattan/meeting_room.jpg",
          "manhattanBase": {
            "_focal": 3056.647365880091,
            "_rotation": { "coef": [0.00462865989351352, 0.99995062247628, -0.008793640707374095, 0.144792738707735, -0.009371242201614616, -0.9894176280201967, -0.9894511803647028, 0.0033064223715197905, -0.144828965493776] }
          },
          "floorParams": {
            "x": 0,
            "y": 0,
            "z": -1082.581401185413
          },
          "camParams": {
            "camFar": 3491.929630683203,
            "camPosition": {
              "x": 2854.082527535573,
              "y": -9.537369737683438,
              "z": 417.7607558616385
            },
            "bShouldBeSaved": false
          },
          "type": "scene"
        },
        {
          "id": "forest",
          "background": "graphics/samplesManhattan/forest.jpg",
          "manhattanBase": {
            "_focal": 1620.00,
            "_rotation": { "coef": [-0.002160436527388299, 0.9999946408200512, -0.0024598465781368473, 0.07134132596063307, -0.002299456190836567, -0.9974493108481278, -0.9974496216472237, -0.0023304146419185906, -0.07133597580048164] }
          },
          "floorParams": {
            "x": 0,
            "y": 0,
            "z": -1087.1967202891917
          },
          "camParams": {
            "camFar": 4991.150114202025,
            "camPosition": {
              "x": 4621.004479398939,
              "y": 10.796349212996908,
              "z": 330.4865576541519
            },
            "bShouldBeSaved": false
          },
          "type": "scene"
        },
        {
          "id": "airport_interior",
          "background": "graphics/samplesManhattan/airport_interior.jpg",
          "manhattanBase": {
            "_focal": 1277.1612005026568,
            "_rotation": { "coef": [0.07043278050068284, 0.9975042157941665, -0.004956097639034068, 0.12994253400540573, -0.01410098752630944, -0.9914212525496096, -0.9890167649171557, 0.0691845475785444, -0.13061139724065246] }
          },
          "floorParams": {
            "x": 0,
            "y": 0,
            "z": -1279.9790559286762
          },
          "camParams": {
            "camFar": 4576.170022843369,
            "camPosition": {
              "x": 4141.9973222314065,
              "y": -289.7445425977462,
              "z": 546.9997229754406
            },
            "bShouldBeSaved": false
          },
          "type": "scene"
        },
        {
          "id": "airport_exterior",
          "background": "graphics/samplesManhattan/airport_exterior.jpg",
          "manhattanBase": {
            "_focal": 1271.4102519880064,
            "_rotation": { "coef": [-0.003102808817048674, 0.9999951573649571, -0.00024046637906082304, -0.10714086901914743, -0.0005715225798586436, -0.9942436861995969, -0.9942390088722464, -0.00305918429901262, 0.10714212350032049] }
          },
          "floorParams": {
            "x": 0,
            "y": 0,
            "z": -1503.1903444763677
          },
          "camParams": {
            "camFar": 4778.105237955786,
            "camPosition": {
              "x": 4420.789944262518,
              "y": 13.602277007837559,
              "z": -476.39739470851873
            },
            "bShouldBeSaved": false
          },
          "type": "scene"
        },
        {
          "id": "japanese_garden",
          "background": "graphics/samplesManhattan/japanese_garden.jpg",
          "manhattanBase": {
            "_focal": 1762.5371211285842,
            "_rotation": { "coef": [-0.5759851819922763, 0.817209229161888, 0.02025205910412645, 0.0636840475268427, 0.06955729817117641, -0.9955431303372672, -0.814975712654017, -0.5721283580139678, -0.09210716443533623] }
          },
          "floorParams": {
            "x": 0,
            "y": 0,
            "z": -1516.6051367537762
          },
          "camParams": {
            "camFar": 4452.632694336708,
            "camPosition": {
              "x": 3240.417433263237,
              "y": 2274.8342111225816,
              "z": 366.22645964053
            },
            "bShouldBeSaved": false
          },
          "type": "scene"
        }
      ],
      "selected": true,
      "thumbnails": [
        {
          "id": "meeting_room",
          "url": "graphics/samplesManhattan/thumbnails/thumbnail_meeting_room.jpg"
        },
        {
          "id": "forest",
          "url": "graphics/samplesManhattan/thumbnails/thumbnails_forest.jpg"
        },
        {
          "id": "airport_interior",
          "url": "graphics/samplesManhattan/thumbnails/thumbnail_airport_interior.jpg"
        },
        {
          "id": "airport_exterior",
          "url": "graphics/samplesManhattan/thumbnails/thumbnail_airport_exterior.jpg"
        },
        {
          "id": "japanese_garden",
          "url": "graphics/samplesManhattan/thumbnails/thumbnail_Japanese_Garden.jpg"
        }
      ],
      "type": "fixed",
      "visible": true
    }
  ]
}
